# 1001 0.0 3.14159265359
0.00314159265359 5.44658264777 16.820057986
0.00628318530718 5.44658264624 16.802947042
0.00942477796077 5.4465826451 16.7858360979
0.0125663706144 5.44658264776 16.7687251539
0.015707963268 5.44658264669 16.7516142099
0.0188495559215 5.44658264668 16.7345032658
0.0219911485751 5.44658264984 16.7173923218
0.0251327412287 5.44658264666 16.7002813778
0.0282743338823 5.44658264987 16.6831704337
0.0314159265359 5.44658264987 16.6660594897
0.0345575191895 5.44658264667 16.6489485457
0.0376991118431 5.44658264987 16.6318376016
0.0408407044967 5.44658264986 16.6147266576
0.0439822971503 5.44658264668 16.5976157135
0.0471238898038 5.44658264987 16.5805047695
0.0502654824574 5.44658264986 16.5633938255
0.053407075111 5.44658264669 16.5462828814
0.0565486677646 5.44658264987 16.5291719374
0.0596902604182 5.44658264666 16.5120609934
0.0628318530718 5.44658264668 16.4949500493
0.0659734457254 5.44658264986 16.4778391053
0.069115038379 5.44658264666 16.4607281613
0.0722566310326 5.44658264668 16.4436172172
0.0753982236862 5.44658264986 16.4265062732
0.0785398163398 5.44658264666 16.4093953292
0.0816814089933 5.44658264668 16.3922843851
0.0848230016469 5.44658264985 16.3751734411
0.0879645943005 5.44658264676 16.3580624971
0.0911061869541 5.4465826467 16.340951553
0.0942477796077 5.44658264982 16.323840609
0.0973893722613 5.44658264672 16.306729665
0.100530964915 5.44658264666 16.2896187209
0.103672557568 5.44658264995 16.2725077769
0.106814150222 5.44658264669 16.2553968329
0.109955742876 5.44658264981 16.2382858888
0.113097335529 5.44658264991 16.2211749448
0.116238928183 5.44658264668 16.2040640008
0.119380520836 5.44658264986 16.1869530567
0.12252211349 5.44658264985 16.1698421127
0.125663706144 5.44658264667 16.1527311686
0.128805298797 5.44658264985 16.1356202246
0.131946891451 5.44658264985 16.1185092806
0.135088484104 5.44658264667 16.1013983365
0.138230076758 5.44658264985 16.0842873925
0.141371669412 5.44658264667 16.0671764485
0.144513262065 5.44658264667 16.0500655044
0.147654854719 5.44658264986 16.0329545604
0.150796447372 5.44658264669 16.0158436164
0.153938040026 5.44658264668 15.9987326723
0.15707963268 5.44658265004 15.9816217283
0.160221225333 5.44658264668 15.9645107843
0.163362817987 5.44658264667 15.9473998402
0.16650441064 5.44658264986 15.9302888962
0.169646003294 5.44658264667 15.9131779522
0.172787595947 5.44658264684 15.8960670081
0.175929188601 5.44658264985 15.8789560641
0.179070781255 5.44658264667 15.8618451201
0.182212373908 5.44658264667 15.844734176
0.185353966562 5.44658264986 15.827623232
0.188495559215 5.44658264669 15.810512288
0.191637151869 5.44658264987 15.7934013439
0.194778744523 5.44658264987 15.7762903999
0.197920337176 5.44658264669 15.7591794559
0.20106192983 5.44658264987 15.7420685118
0.204203522483 5.44658264988 15.7249575678
0.207345115137 5.44658264669 15.7078466237
0.210486707791 5.44658265004 15.6907356797
0.213628300444 5.44658264986 15.6736247357
0.216769893098 5.44658264667 15.6565137916
0.219911485751 5.44658264986 15.6394028476
0.223053078405 5.44658264667 15.6222919036
0.226194671058 5.44658264684 15.6051809595
0.229336263712 5.44658264985 15.5880700155
0.232477856366 5.44658264667 15.5709590715
0.235619449019 5.44658264667 15.5538481274
0.238761041673 5.44658264986 15.5367371834
0.241902634326 5.44658264669 15.5196262394
0.24504422698 5.44658264668 15.5025152953
0.248185819634 5.44658264987 15.4854043513
0.251327412287 5.44658264669 15.4682934073
0.254469004941 5.44658264668 15.4511824632
0.257610597594 5.44658264987 15.4340715192
0.260752190248 5.44658264668 15.4169605752
0.263893782902 5.44658264667 15.3998496311
0.267035375555 5.44658264985 15.3827386871
0.270176968209 5.44658264667 15.3656277431
0.273318560862 5.44658264985 15.348516799
0.276460153516 5.44658264984 15.331405855
0.27960174617 5.44658264684 15.314294911
0.282743338823 5.44658264985 15.2971839669
0.285884931477 5.44658264985 15.2800730229
0.28902652413 5.44658264668 15.2629620788
0.292168116784 5.44658264986 15.2458511348
0.295309709437 5.44658265004 15.2287401908
0.298451302091 5.44658264668 15.2116292467
0.301592894745 5.44658264987 15.1945183027
0.304734487398 5.44658264669 15.1774073587
0.307876080052 5.44658264668 15.1602964146
0.311017672705 5.44658264987 15.1431854706
0.314159265359 5.44658264668 15.1260745266
0.317300858013 5.44658264667 15.1089635825
0.320442450666 5.44658264985 15.0918526385
0.32358404332 5.44658264667 15.0747416945
0.326725635973 5.44658264667 15.0576307504
0.329867228627 5.44658264985 15.0405198064
0.333008821281 5.44658264685 15.0234088624
0.336150413934 5.44658264667 15.0062979183
0.339292006588 5.44658264986 14.9891869743
0.342433599241 5.44658264669 14.9720760303
0.345575191895 5.44658264668 14.9549650862
0.348716784548 5.44658265004 14.9378541422
0.351858377202 5.44658264668 14.9207431982
0.354999969856 5.44658264667 14.9036322541
0.358141562509 5.44658264985 14.8865213101
0.361283155163 5.44658264667 14.8694103661
0.364424747816 5.44658264985 14.852299422
0.36756634047 5.44658264984 14.835188478
0.370707933124 5.44658264666 14.818077534
0.373849525777 5.44658264984 14.8009665899
0.376991118431 5.44658264984 14.7838556459
0.380132711084 5.44658264667 14.7667447018
0.383274303738 5.44658264985 14.7496337578
0.386415896392 5.44658264985 14.7325228138
0.389557489045 5.44658264667 14.7154118697
0.392699081699 5.44658264986 14.6983009257
0.395840674352 5.44658264669 14.6811899817
0.398982267006 5.44658264668 14.6640790376
0.40212385966 5.44658265004 14.6469680936
0.405265452313 5.44658264668 14.6298571496
0.408407044967 5.44658264667 14.6127462055
0.41154863762 5.44658264986 14.5956352615
0.414690230274 5.44658264667 14.5785243175
0.417831822927 5.44658264684 14.5614133734
0.420973415581 5.44658264985 14.5443024294
0.424115008235 5.44658264667 14.5271914854
0.427256600888 5.44658264667 14.5100805413
0.430398193542 5.44658264986 14.4929695973
0.433539786195 5.44658264669 14.4758586533
0.436681378849 5.44658264668 14.4587477092
0.439822971503 5.44658264987 14.4416367652
0.442964564156 5.44658264669 14.4245258212
0.44610615681 5.44658264987 14.4074148771
0.449247749463 5.44658264988 14.3903039331
0.452389342117 5.44658264669 14.3731929891
0.455530934771 5.44658265004 14.356082045
0.458672527424 5.44658264986 14.338971101
0.461814120078 5.44658264668 14.3218601569
0.464955712731 5.44658264986 14.3047492129
0.468097305385 5.44658264985 14.2876382689
0.471238898038 5.44658264684 14.2705273248
0.474380490692 5.44658264985 14.2534163808
0.477522083346 5.44658264667 14.2363054368
0.480663675999 5.44658264667 14.2191944927
0.483805268653 5.44658264986 14.2020835487
0.486946861306 5.44658264669 14.1849726047
0.49008845396 5.44658264668 14.1678616606
0.493230046614 5.44658264987 14.1507507166
0.496371639267 5.44658264669 14.1336397726
0.499513231921 5.44658264668 14.1165288285
0.502654824574 5.44658264987 14.0994178845
0.505796417228 5.44658264668 14.0823069405
0.508938009882 5.44658264667 14.0651959964
0.512079602535 5.44658264985 14.0480850524
0.515221195189 5.44658264667 14.0309741084
0.518362787842 5.44658264667 14.0138631643
0.521504380496 5.44658264985 13.9967522203
0.52464597315 5.44658264685 13.9796412763
0.527787565803 5.44658264986 13.9625303322
0.530929158457 5.44658264986 13.9454193882
0.53407075111 5.44658264669 13.9283084442
0.537212343764 5.44658264987 13.9111975001
0.540353936417 5.44658265005 13.8940865561
0.543495529071 5.44658264669 13.876975612
0.546637121725 5.44658264987 13.859864668
0.549778714378 5.44658264987 13.842753724
0.552920307032 5.44658264668 13.8256427799
0.556061899685 5.44658264987 13.8085318359
0.559203492339 5.44658264668 13.7914208919
0.562345084993 5.44658264667 13.7743099478
0.565486677646 5.44658264985 13.7571990038
0.5686282703 5.44658264667 13.7400880598
0.571769862953 5.44658264667 13.7229771157
0.574911455607 5.44658264985 13.7058661717
0.578053048261 5.44658264667 13.6887552277
0.581194640914 5.44658264667 13.6716442836
0.584336233568 5.44658264986 13.6545333396
0.587477826221 5.44658264669 13.6374223956
0.590619418875 5.44658264668 13.6203114515
0.593761011529 5.44658265004 13.6032005075
0.596902604182 5.44658264668 13.5860895635
0.600044196836 5.44658264667 13.5689786194
0.603185789489 5.44658264986 13.5518676754
0.606327382143 5.44658264667 13.5347567314
0.609468974796 5.44658265002 13.5176457873
0.61261056745 5.44658264984 13.5005348433
0.615752160104 5.44658264666 13.4834238993
0.618893752757 5.44658264984 13.4663129552
0.622035345411 5.44658264984 13.4492020112
0.625176938064 5.44658264667 13.4320910671
0.628318530718 5.44658264985 13.4149801231
0.631460123372 5.44658264985 13.3978691791
0.634601716025 5.44658264667 13.380758235
0.637743308679 5.44658264986 13.363647291
0.640884901332 5.44658264669 13.346536347
0.644026493986 5.44658264668 13.3294254029
0.64716808664 5.44658265004 13.3123144589
0.650309679293 5.44658264668 13.2952035149
0.653451271947 5.44658264667 13.2780925708
0.6565928646 5.44658264986 13.2609816268
0.659734457254 5.44658264667 13.2438706828
0.662876049907 5.44658264684 13.2267597387
0.666017642561 5.44658264985 13.2096487947
0.669159235215 5.44658264667 13.1925378507
0.672300827868 5.44658264667 13.1754269066
0.675442420522 5.44658264986 13.1583159626
0.678584013175 5.44658264669 13.1412050186
0.681725605829 5.44658264668 13.1240940745
0.684867198483 5.44658264987 13.1069831305
0.688008791136 5.44658264669 13.0898721865
0.69115038379 5.44658264987 13.0727612424
0.694291976443 5.44658264988 13.0556502984
0.697433569097 5.44658264669 13.0385393544
0.700575161751 5.44658264987 13.0214284103
0.703716754404 5.44658264987 13.0043174663
0.706858347058 5.44658264669 12.9872065222
0.709999939711 5.44658264987 12.9700955782
0.713141532365 5.44658264986 12.9529846342
0.716283125019 5.44658264685 12.9358736901
0.719424717672 5.44658264986 12.9187627461
0.722566310326 5.44658264668 12.9016518021
0.725707902979 5.44658264668 12.884540858
0.728849495633 5.44658264986 12.867429914
0.731991088286 5.44658264686 12.85031897
0.73513268094 5.44658264668 12.8332080259
0.738274273594 5.44658264987 12.8160970819
0.741415866247 5.44658264669 12.7989861379
0.744557458901 5.44658264668 12.7818751938
0.747699051554 5.44658264987 12.7647642498
0.750840644208 5.44658264668 12.7476533058
0.753982236862 5.44658264667 12.7305423617
0.757123829515 5.44658264985 12.7134314177
0.760265422169 5.44658264667 12.6963204737
0.763407014822 5.44658264667 12.6792095296
0.766548607476 5.44658264985 12.6620985856
0.76969020013 5.44658264667 12.6449876416
0.772831792783 5.44658264985 12.6278766975
0.775973385437 5.44658264985 12.6107657535
0.77911497809 5.44658264668 12.5936548095
0.782256570744 5.44658264986 12.5765438654
0.785398163398 5.44658265004 12.5594329214
0.788539756051 5.44658264668 12.5423219773
0.791681348705 5.44658264986 12.5252110333
0.794822941358 5.44658264987 12.5081000893
0.797964534012 5.44658264668 12.4909891452
0.801106126665 5.44658265004 12.4738782012
0.804247719319 5.44658264668 12.4567672572
0.807389311973 5.44658264667 12.4396563131
0.810530904626 5.44658264985 12.4225453691
0.81367249728 5.44658264667 12.4054344251
0.816814089933 5.44658264667 12.388323481
0.819955682587 5.44658264985 12.371212537
0.823097275241 5.44658264667 12.354101593
0.826238867894 5.44658264667 12.3369906489
0.829380460548 5.44658264986 12.3198797049
0.832522053201 5.44658264669 12.3027687609
0.835663645855 5.44658264668 12.2856578168
0.838805238509 5.44658265004 12.2685468728
0.841946831162 5.44658264668 12.2514359288
0.845088423816 5.44658264667 12.2343249847
0.848230016469 5.44658264986 12.2172140407
0.851371609123 5.44658264667 12.2001030967
0.854513201776 5.44658265002 12.1829921526
0.85765479443 5.44658264984 12.1658812086
0.860796387084 5.44658264666 12.1487702646
0.863937979737 5.44658264984 12.1316593205
0.867079572391 5.44658264984 12.1145483765
0.870221165044 5.44658264667 12.0974374324
0.873362757698 5.44658264985 12.0803264884
0.876504350352 5.44658264985 12.0632155444
0.879645943005 5.44658264667 12.0461046003
0.882787535659 5.44658264986 12.0289936563
0.885929128312 5.44658264669 12.0118827123
0.889070720966 5.44658264668 11.9947717682
0.89221231362 5.44658264987 11.9776608242
0.895353906273 5.44658264669 11.9605498802
0.898495498927 5.44658264668 11.9434389361
0.90163709158 5.44658264987 11.9263279921
0.904778684234 5.44658264668 11.9092170481
0.907920276888 5.44658264685 11.892106104
0.911061869541 5.44658264986 11.87499516
0.914203462195 5.44658264668 11.857884216
0.917345054848 5.44658264668 11.8407732719
0.920486647502 5.44658264986 11.8236623279
0.923628240155 5.44658264686 11.8065513839
0.926769832809 5.44658264668 11.7894404398
0.929911425463 5.44658264987 11.7723294958
0.933053018116 5.44658264669 11.7552185518
0.93619461077 5.44658264987 11.7381076077
0.939336203423 5.44658264988 11.7209966637
0.942477796077 5.44658264669 11.7038857197
0.945619388731 5.44658264987 11.6867747756
0.948760981384 5.44658264987 11.6696638316
0.951902574038 5.44658264669 11.6525528875
0.955044166691 5.44658264987 11.6354419435
0.958185759345 5.44658264986 11.6183309995
0.961327351999 5.44658264685 11.6012200554
0.964468944652 5.44658264986 11.5841091114
0.967610537306 5.44658264668 11.5669981674
0.970752129959 5.44658264668 11.5498872233
0.973893722613 5.44658264986 11.5327762793
0.977035315266 5.44658264686 11.5156653353
0.98017690792 5.44658264668 11.4985543912
0.983318500574 5.44658264987 11.4814434472
0.986460093227 5.44658264582 11.4643325032
0.989601685881 5.44658264651 11.4472215591
0.992743278534 5.44658265022 11.4301106151
0.995884871188 5.44658264599 11.4129996711
0.999026463842 5.44658264668 11.395888727
1.0021680565 5.44658265038 11.378777783
1.00530964915 5.44658264616 11.361666839
1.0084512418 5.44658264668 11.3445558949
1.01159283446 5.44658265055 11.3274449509
1.01473442711 5.44658264633 11.3103340069
1.01787601976 5.4465826509 11.2932230628
1.02101761242 5.4465826509 11.2761121188
1.02415920507 5.44658264598 11.2590011748
1.02730079772 5.4465826509 11.2418902307
1.03044239038 5.44658264916 11.2247792867
1.03358398303 5.44658264598 11.2076683426
1.03672557568 5.4465826509 11.1905573986
1.03986716834 5.44658264916 11.1734464546
1.04300876099 5.44658264598 11.1563355105
1.04615035365 5.4465826509 11.1392245665
1.0492919463 5.44658264598 11.1221136225
1.05243353895 5.44658264598 11.1050026784
1.05557513161 5.4465826509 11.0878917344
1.05871672426 5.44658264598 11.0707807904
1.06185831691 5.44658264772 11.0536698463
1.06499990957 5.4465826509 11.0365589023
1.06814150222 5.44658264598 11.0194479583
1.07128309487 5.44658264772 11.0023370142
1.07442468753 5.44658264916 10.9852260702
1.07756628018 5.44658264599 10.9681151262
1.08070787283 5.44658264772 10.9510041821
1.08384946549 5.44658264916 10.9338932381
1.08699105814 5.446582646 10.9167822941
1.0901326508 5.44658264772 10.89967135
1.09327424345 5.44658264919 10.882560406
1.0964158361 5.44658264601 10.865449462
1.09955742876 5.44658264772 10.8483385179
1.10269902141 5.44658264919 10.8312275739
1.10584061406 5.44658264772 10.8141166299
1.10898220672 5.44658264916 10.7970056858
1.11212379937 5.44658264919 10.7798947418
1.11526539202 5.44658264772 10.7627837978
1.11840698468 5.44658264917 10.7456728537
1.12154857733 5.44658264919 10.7285619097
1.12469016999 5.44658264772 10.7114509656
1.12783176264 5.44658264919 10.6943400216
1.13097335529 5.44658264919 10.6772290776
1.13411494795 5.44658264774 10.6601181335
1.1372565406 5.44658264919 10.6430071895
1.14039813325 5.44658264772 10.6258962455
1.14353972591 5.44658264772 10.6087853014
1.14668131856 5.44658264919 10.5916743574
1.14982291121 5.44658264772 10.5745634134
1.15296450387 5.44658264599 10.5574524693
1.15610609652 5.44658264918 10.5403415253
1.15924768917 5.44658264772 10.5232305813
1.16238928183 5.44658264599 10.5061196372
1.16553087448 5.44658264917 10.4890086932
1.16867246714 5.44658264772 10.4718977492
1.17181405979 5.44658264598 10.4547868051
1.17495565244 5.44658264916 10.4376758611
1.1780972451 5.44658264772 10.4205649171
1.18123883775 5.44658264598 10.403453973
1.1843804304 5.4465826509 10.386343029
1.18752202306 5.44658264772 10.369232085
1.19066361571 5.44658264916 10.3521211409
1.19380520836 5.44658265091 10.3350101969
1.19694680102 5.44658264598 10.3178992529
1.20008839367 5.44658264916 10.3007883088
1.20322998632 5.4465826509 10.2836773648
1.20637157898 5.44658264598 10.2665664207
1.20951317163 5.44658264917 10.2494554767
1.21265476429 5.4465826509 10.2323445327
1.21579635694 5.44658264598 10.2152335886
1.21893794959 5.44658264916 10.1981226446
1.22207954225 5.44658264772 10.1810117006
1.2252211349 5.44658264598 10.1639007565
1.22836272755 5.4465826509 10.1467898125
1.23150432021 5.44658264598 10.1296788685
1.23464591286 5.44658264598 10.1125679244
1.23778750551 5.4465826509 10.0954569804
1.24092909817 5.4465826463 10.0783460364
1.24407069082 5.44658264725 10.0612350923
1.24721228348 5.44658265026 10.0441241483
1.25035387613 5.4465826463 10.0270132043
1.25349546878 5.44658264757 10.0099022602
1.25663706144 5.44658265026 9.99279131619
1.25977865409 5.4465826463 9.97568037216
1.26292024674 5.44658264931 9.95856942812
1.2660618394 5.44658265026 9.94145848409
1.26920343205 5.44658264662 9.92434754005
1.2723450247 5.44658264899 9.90723659602
1.27548661736 5.44658264758 9.89012565199
1.27862821001 5.44658264726 9.87301470795
1.28176980266 5.44658264931 9.85590376392
1.28491139532 5.44658264726 9.83879281988
1.28805298797 5.44658264758 9.82168187585
1.29119458063 5.44658264931 9.80457093181
1.29433617328 5.44658264758 9.78745998778
1.29747776593 5.44658264758 9.77034904374
1.30061935859 5.44658264899 9.75323809971
1.30376095124 5.44658264758 9.73612715567
1.30690254389 5.44658264899 9.71901621164
1.31004413655 5.44658264931 9.7019052676
1.3131857292 5.44658264726 9.68479432357
1.31632732185 5.44658264931 9.66768337954
1.31946891451 5.44658264726 9.6505724355
1.32261050716 5.44658264758 9.63346149147
1.32575209981 5.44658264899 9.61635054743
1.32889369247 5.44658264758 9.5992396034
1.33203528512 5.44658264758 9.58212865936
1.33517687778 5.44658264899 9.56501771533
1.33831847043 5.44658264758 9.54790677129
1.34146006308 5.44658264726 9.53079582726
1.34460165574 5.44658264931 9.51368488322
1.34774324839 5.44658264726 9.49657393919
1.35088484104 5.44658264931 9.47946299516
1.3540264337 5.44658264726 9.46235205112
1.35716802635 5.44658264758 9.44524110709
1.360309619 5.44658264899 9.42813016305
1.36345121166 5.44658264758 9.41101921902
1.36659280431 5.44658264758 9.39390827498
1.36973439697 5.44658264931 9.37679733095
1.37287598962 5.44658264758 9.35968638691
1.37601758227 5.44658264726 9.34257544288
1.37915917493 5.44658264931 9.32546449884
1.38230076758 5.44658264726 9.30835355481
1.38544236023 5.44658264931 9.29124261077
1.38858395289 5.44658264899 9.27413166674
1.39172554554 5.44658264758 9.25702072271
1.39486713819 5.44658264899 9.23990977867
1.39800873085 5.44658264758 9.22279883464
1.4011503235 5.44658264726 9.2056878906
1.40429191615 5.44658264931 9.18857694657
1.40743350881 5.44658264758 9.17146600253
1.41057510146 5.44658264758 9.1543550585
1.41371669412 5.44658264931 9.13724411446
1.41685828677 5.44658264726 9.12013317043
1.41999987942 5.44658264758 9.10302222639
1.42314147208 5.44658264899 9.08591128236
1.42628306473 5.44658264758 9.06880033832
1.42942465738 5.44658264899 9.05168939429
1.43256625004 5.44658264931 9.03457845026
1.43570784269 5.44658264726 9.01746750622
1.43884943534 5.44658264931 9.00035656219
1.441991028 5.44658264726 8.98324561815
1.44513262065 5.44658264758 8.96613467412
1.4482742133 5.44658264931 8.94902373008
1.45141580596 5.44658264726 8.93191278605
1.45455739861 5.44658264758 8.91480184201
1.45769899127 5.44658264899 8.89769089798
1.46084058392 5.44658264758 8.88057995394
1.46398217657 5.44658264726 8.86346900991
1.46712376923 5.44658264931 8.84635806588
1.47026536188 5.44658264726 8.82924712184
1.47340695453 5.44658264931 8.81213617781
1.47654854719 5.44658264726 8.79502523377
1.47969013984 5.44658264758 8.77791428974
1.48283173249 5.44658264931 8.7608033457
1.48597332515 5.44658264758 8.74369240167
1.4891149178 5.44658264758 8.72658145763
1.49225651046 5.44658264899 8.7094705136
1.49539810311 5.44658264758 8.69235956956
1.49853969576 5.44658264726 8.67524862553
1.50168128842 5.44658264931 8.65813768149
1.50482288107 5.44658264726 8.64102673746
1.50796447372 5.44658264931 8.62391579343
1.51110606638 5.44658264899 8.60680484939
1.51424765903 5.44658264758 8.58969390536
1.51738925168 5.44658264899 8.57258296132
1.52053084434 5.44658264758 8.55547201729
1.52367243699 5.44658264758 8.53836107325
1.52681402964 5.44658264931 8.52125012922
1.5299556223 5.44658264758 8.50413918518
1.53309721495 30.6340179782 8.48702824115
1.53623880761 44.3935064626 8.46991729711
1.53938040026 53.6988802056 8.45280635308
1.54252199291 60.7692987072 8.43569540904
1.54566358557 66.2079710132 8.41858446501
1.54880517822 70.7061553263 7.6101869039
1.55194677087 74.5600809142 7.16080888102
1.55508836353 77.9278500035 6.85136099843
1.55822995618 80.8125340688 6.61212630643
1.56137154883 83.4086332541 6.42415443302
1.56451314149 58.3536994113 6.26572886072
1.56765473414 44.2164612353 6.12754327373
1.5707963268 34.44579967 6.00463074313
1.57393791945 26.8936788507 5.89689477652
1.5770795121 20.9639001768 5.79822497135
1.58022110476 16.0751512228 5.77695137024
1.58336269741 11.8371028792 5.77170778281
1.58650429006 8.04914760034 5.7692142868
1.58964588272 4.73242574493 5.76723646737
1.59278747537 1.70498179573 5.76555408494
1.59592906802 1.15382198536 5.76071309096
1.59907066068 1.09408350461 5.75566971922
1.60221225333 1.06520019664 5.75175931364
1.60535384598 1.11774606654 5.74822123706
1.60849543864 1.23479255227 5.74466138847
1.61163703129 1.17743982259 5.74070298352
1.61477862395 1.15339737349 5.7373361358
1.6179202166 1.0970795569 5.73575003567
1.62106180925 1.13868233598 5.73212143906
1.62420340191 1.24417968496 5.72676193282
1.62734499456 1.29446275531 5.72372272798
1.63048658721 1.37267978898 5.71943467207
1.63362817987 1.48193518464 5.71729354287
1.63676977252 1.5626859392 5.71244847644
1.63991136517 1.60059648968 5.7055743309
1.64305295783 1.62583177084 5.70003623669
1.64619455048 1.75895360443 5.6942121284
1.64933614313 1.89530610439 5.68919366879
1.65247773579 2.10744407057 5.68302821239
1.65561932844 2.05569133842 5.6764777111
1.6587609211 2.02498237103 5.67264571651
1.66190251375 2.09419457758 5.66417551486
1.6650441064 2.17080028233 5.65775074555
1.66818569906 2.28920563223 5.64624116833
1.67132729171 2.33436126068 5.64099288282
1.67446888436 2.46486608257 5.63641953929
1.67761047702 2.48183623117 5.62842106538
1.68075206967 2.52114264094 5.62099596658
1.68389366232 2.42400614861 5.61111069643
1.68703525498 2.42762377655 5.60314158921
1.69017684763 2.56966923109 5.59520966474
1.69331844029 2.54985358044 5.58620633012
1.69646003294 2.55761810095 5.57854671353
1.69960162559 2.45805306345 5.57008876925
1.70274321825 2.41273249477 5.56472683259
1.7058848109 2.44580060344 5.5556909995
1.70902640355 2.46385534165 5.54831505264
1.71216799621 2.48961202242 5.54064602421
1.71530958886 2.46725708902 5.53388868196
1.71845118151 2.48827613829 5.52734336242
1.72159277417 2.4578218047 5.51837257265
1.72473436682 2.60001335999 5.50880203173
1.72787595947 2.65480086353 5.50033324515
1.73101755213 2.71942498951 5.49257760179
1.73415914478 2.82389595521 5.48655533224
1.73730073744 2.8239529753 5.47847625023
1.74044233009 2.80274072335 5.46663322392
1.74358392274 2.79222346261 5.45724299533
1.7467255154 2.85414489138 5.44845542626
1.74986710805 2.94251178363 5.43862805454
1.7530087007 3.03423563254 5.42965547346
1.75615029336 2.89767821986 5.42075133506
1.75929188601 2.82061257476 5.41261295797
1.76243347866 2.75550381211 5.40291199558
1.76557507132 2.75580559084 5.39411359821
1.76871666397 2.76529088869 5.38315292653
1.77185825662 2.78286517631 5.37559997786
1.77499984928 2.75255873818 5.36863083789
1.77814144193 2.73543751275 5.36188872095
1.78128303459 2.74935758631 5.35205186854
1.78442462724 2.72979562519 5.34278129804
1.78756621989 2.79801676678 5.33332504714
1.79070781255 2.96086574888 5.32613877486
1.7938494052 3.07143495388 5.31697569163
1.79699099785 3.20092368156 5.30773998228
1.80013259051 3.22357673711 5.2973938677
1.80327418316 3.27303239585 5.28769768866
1.80641577581 3.4053343629 5.27561249706
1.80955736847 3.56908327332 5.26539674607
1.81269896112 3.67995956086 5.25149188534
1.81584055378 3.71375046888 5.24150964808
1.81898214643 3.82787576892 5.23049970184
1.82212373908 3.87179786907 5.21915704071
1.82526533174 3.93300205616 5.2048496337
1.82840692439 4.01092991761 5.19213064305
1.83154851704 4.16116355218 5.18072295582
1.8346901097 4.3865726322 5.1674414247
1.83783170235 4.56962147863 5.15397637963
1.840973295 4.73973334452 5.14183784243
1.84411488766 4.90955669232 5.12548480568
1.84725648031 5.14024258057 5.11078283963
1.85039807296 5.4555733795 5.0926914583
1.85353966562 5.76637653299 5.07559814801
1.85668125827 6.148222561 5.05594651917
1.85982285093 6.50196405711 5.03789237065
1.86296444358 6.92089906612 5.01923747251
1.86610603623 7.3887600579 4.99604953223
1.86924762889 8.01035915715 4.97282031806
1.87238922154 8.81655025474 4.94868573411
1.87553081419 10.1607953088 4.92121958057
1.87867240685 11.9592637436 4.89335638298
1.8818139995 12.4394052117 4.86056671512
1.88495559215 12.4096753717 4.82394529327
1.88809718481 12.1281655929 4.77896642402
1.89123877746 11.5462575537 4.71868157174
1.89438037011 10.7227940611 4.64352612144
1.89752196277 9.53817712046 4.60525409197
1.90066355542 8.00389445718 4.58295886834
1.90380514808 5.96239019161 4.56766817486
1.90694674073 3.09152518448 4.55848320151
1.91008833338 -0.986504290142 4.55648987257
1.91322992604 -4.69250511519 4.56091604346
1.91637151869 -6.92865152478 4.57249553299
1.91951311134 -8.57730124553 4.59165241184
1.922654704 -9.92508760524 4.62155844371
1.92579629665 -10.9611745858 4.67451806765
1.9289378893 -11.6207493249 4.75267348783
1.93207948196 -12.0457331449 4.8006288756
1.93522107461 -12.127610703 4.83713204062
1.93836266727 -11.8774666538 4.87028902459
1.94150425992 -10.8301274078 4.90084532808
1.94464585257 -8.86309884473 4.92599265048
1.94778744523 -7.85188341305 4.95092340054
1.95092903788 -7.18339505575 4.97265253874
1.95407063053 -6.61552515782 4.99470006345
1.95721222319 -6.12304465593 5.01475655468
1.96035381584 -5.72110363631 5.0311159501
1.96349540849 -5.35730763397 5.04730306804
1.96663700115 -5.00617733659 5.06280505201
1.9697785938 -4.6847369312 5.0781218769
1.97292018645 -4.38055736018 5.09320644914
1.97606177911 -4.26048315324 5.10572642205
1.97920337176 -4.12188627182 5.11922818356
1.98234496442 -4.01986075202 5.12992623818
1.98548655707 -3.88234376792 5.14187541474
1.98862814972 -3.70969914227 5.15237582286
1.99176974238 -3.65469670712 5.16496297586
1.99491133503 -3.53858517493 5.17679594436
1.99805292768 -3.53331751599 5.18909270205
2.00119452034 -3.49249310643 5.20008930351
2.00433611299 -3.43393575503 5.20975008488
2.00747770564 -3.34777341346 5.22054210529
2.0106192983 -3.24654791761 5.23039611547
2.01376089095 -3.17229691981 5.24092868167
2.0169024836 -3.06889024182 5.25159532158
2.02004407626 -3.06108680238 5.26025609628
2.02318566891 -3.01143989573 5.27013637945
2.02632726157 -2.89536097543 5.27878925524
2.02946885422 -2.85046587552 5.28875334904
2.03261044687 -2.76199240236 5.29650133387
2.03575203953 -2.77548949268 5.30591696299
2.03889363218 -2.76239938279 5.31514927983
2.04203522483 -2.72497228662 5.32135656315
2.04517681749 -2.6017290186 5.33047870822
2.04831841014 -2.56562928332 5.338365872
2.05146000279 -2.50509226017 5.34745067027
2.05460159545 -2.44487956953 5.35691971554
2.0577431881 -2.4749765148 5.3643967844
2.06088478076 -2.45918903227 5.37048907677
2.06402637341 -2.47459026334 5.37710295497
2.06716796606 -2.40623619872 5.38461675739
2.07030955872 -2.27817060022 5.39195743679
2.07345115137 -2.26144648475 5.39911024353
2.07659274402 -2.26936364516 5.40773641018
2.07973433668 -2.35749522772 5.41610741793
2.08287592933 -2.36559464427 5.42304480993
2.08601752198 -2.32663089648 5.42849055574
2.08915911464 -2.28960530569 5.43544222104
2.09230070729 -2.2129242713 5.44178323832
2.09544229994 -2.13286600458 5.45116585184
2.0985838926 -2.06728515101 5.45893410496
2.10172548525 -2.13829861929 5.4650507021
2.10486707791 -2.13480353097 5.47104031562
2.10800867056 -2.12066166796 5.47725747653
2.11115026321 -2.05769102249 5.48311337963
2.11429185587 -1.94128986891 5.48799048837
2.11743344852 -1.95530502962 5.49566718808
2.12057504117 -1.98787789196 5.50250905192
2.12371663383 -1.98263487772 5.50840578949
2.12685822648 -2.0683193207 5.51581012184
2.12999981913 -2.16343562406 5.51992152485
2.13314141179 -2.14966146805 5.52647842127
2.13628300444 -2.10548967385 5.53349134142
2.13942459709 -2.06540013896 5.53954378818
2.14256618975 -1.99744013573 5.54809154747
2.1457077824 -2.04521733307 5.55595682299
2.14884937506 -2.05198957583 5.56320079485
2.15199096771 -1.99533014207 5.56865496085
2.15513256036 -1.9926413479 5.57329224852
2.15827415302 -1.82902214879 5.57856155442
2.16141574567 -1.66528708185 5.58417392235
2.16455733832 -1.58348221237 5.59094357503
2.16769893098 -1.50306522677 5.59617648659
2.17084052363 -1.40964647594 5.60214446239
2.17398211628 -1.35360815176 5.60555197292
2.17712370894 -1.37517417051 5.60827335962
2.18026530159 -1.26726861311 5.61294735569
2.18340689425 -1.21131668366 5.61587514759
2.1865484869 -1.02430015781 5.61757759865
2.18969007955 -0.961172130058 5.62108640866
2.19283167221 -1.03269913018 5.62737629307
2.19597326486 -0.972400658677 5.63075599269
2.19911485751 -0.887584258604 5.63423112253
2.20225645017 -0.930707044749 5.6343238009
2.20539804282 -0.863532467725 5.63574808595
2.20853963547 -0.796639011949 5.64071655962
2.21168122813 -0.640761170015 5.64349622335
2.21482282078 -0.565417926198 5.64375942945
2.21796441343 -0.565438387486 5.64681662279
2.22110600609 -0.545453381711 5.64821508123
2.22424759874 -0.406355999687 5.65240344573
2.2273891914 -2.8003792356 5.65088609852
2.23053078405 -6.0377403405 5.65199425055
2.2336723767 -9.5989369705 5.65208757173
2.23681396936 -13.6134972119 5.65288400931
2.23995556201 -18.3198128539 5.65348260985
2.24309715466 -23.8751398157 5.73147273159
2.24623874732 -30.6761943837 5.83344063654
2.24938033997 -39.2479728434 5.94837612146
2.25252193262 -51.1921451868 6.07589570937
2.25566352528 -71.1639976942 6.22793734065
2.25880511793 -132.033323856 6.40094573696
2.26194671058 -129.221937911 6.61571531942
2.26508830324 -125.997781063 6.88509900352
2.26822989589 -122.373059777 7.26113268154
2.27137148855 -117.967777622 7.88916553452
2.2745130812 -112.89510259 9.87942193307
2.27765467385 -106.493127718 9.89306754347
2.28079626651 -98.3527320224 9.90671315388
2.28393785916 -86.8175615523 9.92035876428
2.28707945181 -67.2610082674 9.93400437469
2.29022104447 -4.34353269372 9.94764998509
2.29336263712 -4.34353269373 9.9612955955
2.29650422977 -4.3435326948 9.9749412059
2.29964582243 -4.34353269341 9.98858681631
2.30278741508 -4.34353269308 10.0022324267
2.30592900774 -4.34353269447 10.0158780371
2.30907060039 -4.34353269278 10.0295236475
2.31221219304 -4.34353269595 10.0431692579
2.3153537857 -4.34353269702 10.0568148683
2.31849537835 -4.34353269596 10.0704604787
2.321636971 -4.34353269734 10.0841060891
2.32477856366 -4.34353269734 10.0977516995
2.32792015631 -4.34353269596 10.11139731
2.33106174896 -4.34353269734 10.1250429204
2.33420334162 -4.34353269596 10.1386885308
2.33734493427 -4.34353269596 10.1523341412
2.34048652692 -4.34353269734 10.1659797516
2.34362811958 -4.34353269278 10.179625362
2.34676971223 -4.34353269278 10.1932709724
2.34991130489 -4.34353269416 10.2069165828
2.35305289754 -4.34353269278 10.2205621932
2.35619449019 -4.34353269277 10.2342078036
2.35933608285 -4.34353269416 10.247853414
2.3624776755 -4.34353269278 10.2614990244
2.36561926815 -4.34353269416 10.2751446348
2.36876086081 -4.34353269416 10.2887902452
2.37190245346 -4.34353269278 10.3024358556
2.37504404611 -4.34353269416 10.316081466
2.37818563877 -4.34353269596 10.3297270764
2.38132723142 -4.34353269596 10.3433726868
2.38446882407 -4.34353269734 10.3570182972
2.38761041673 -4.34353269596 10.3706639076
2.39075200938 -4.34353269596 10.384309518
2.39389360204 -4.34353269734 10.3979551285
2.39703519469 -4.34353269596 10.4116007389
2.40017678734 -4.34353269596 10.4252463493
2.40331838 -4.34353269734 10.4388919597
2.40645997265 -4.34353269596 10.4525375701
2.4096015653 -4.34353269416 10.4661831805
2.41274315796 -4.34353269278 10.4798287909
2.41588475061 -4.34353269278 10.4934744013
2.41902634326 -4.34353269416 10.5071200117
2.42216793592 -4.34353269278 10.5207656221
2.42530952857 -4.34353269278 10.5344112325
2.42845112123 -4.34353269416 10.5480568429
2.43159271388 -4.34353269278 10.5617024533
2.43473430653 -4.34353269277 10.5753480637
2.43787589919 -4.34353269416 10.5889936741
2.44101749184 -4.34353269278 10.6026392845
2.44415908449 -4.34353269734 10.6162848949
2.44730067715 -4.34353269734 10.6299305053
2.4504422698 -4.34353269596 10.6435761157
2.45358386245 -4.34353269734 10.6572217261
2.45672545511 -4.34353269596 10.6708673365
2.45986704776 -4.34353269596 10.684512947
2.46300864041 -4.34353269734 10.6981585574
2.46615023307 -4.34353269596 10.7118041678
2.46929182572 -4.34353269596 10.7254497782
2.47243341838 -4.34353269734 10.7390953886
2.47557501103 -4.34353269278 10.752740999
2.47871660368 -4.34353269277 10.7663866094
2.48185819634 -4.34353269416 10.7800322198
2.48499978899 -4.34353269278 10.7936778302
2.48814138164 -4.34353269416 10.8073234406
2.4912829743 -4.34353269416 10.820969051
2.49442456695 -4.34353269278 10.8346146614
2.4975661596 -4.34353269416 10.8482602718
2.50070775226 -4.34353269278 10.8619058822
2.50384934491 -4.34353269278 10.8755514926
2.50699093756 -4.34353269416 10.889197103
2.51013253022 -4.34353269596 10.9028427134
2.51327412287 -4.34353269596 10.9164883238
2.51641571553 -4.34353269734 10.9301339342
2.51955730818 -4.34353269596 10.9437795446
2.52269890083 -4.34353269595 10.957425155
2.52584049349 -4.34353269734 10.9710707655
2.52898208614 -4.34353269596 10.9847163759
2.53212367879 -4.34353269734 10.9983619863
2.53526527145 -4.34353269596 11.0120075967
2.5384068641 -4.34353269596 11.0256532071
2.54154845675 -4.34353269416 11.0392988175
2.54469004941 -4.34353269278 11.0529444279
2.54783164206 -4.34353269278 11.0665900383
2.55097323472 -4.34353269416 11.0802356487
2.55411482737 -4.34353269278 11.0938812591
2.55725642002 -4.34353269277 11.1075268695
2.56039801268 -4.34353269416 11.1211724799
2.56353960533 -4.34353269278 11.1348180903
2.56668119798 -4.34353269416 11.1484637007
2.56982279064 -4.34353269416 11.1621093111
2.57296438329 -4.34353269596 11.1757549215
2.57610597594 -4.34353269734 11.1894005319
2.5792475686 -4.34353269596 11.2030461423
2.58238916125 -4.34353269596 11.2166917527
2.5855307539 -4.34353269734 11.2303373631
2.58867234656 -4.34353269596 11.2439829736
2.59181393921 -4.34353269596 11.257628584
2.59495553187 -4.34353269734 11.2712741944
2.59809712452 -4.34353269596 11.2849198048
2.60123871717 -4.34353269596 11.2985654152
2.60438030983 -4.34353269416 11.3122110256
2.60752190248 -4.34353269278 11.325856636
2.61066349513 -4.34353269416 11.3395022464
2.61380508779 -4.34353269416 11.3531478568
2.61694668044 -4.34353269278 11.3667934672
2.62008827309 -4.34353269416 11.3804390776
2.62322986575 -4.34353269278 11.394084688
2.6263714584 -4.34353269278 11.4077302984
2.62951305105 -4.34353269416 11.4213759088
2.63265464371 -4.34353269278 11.4350215192
2.63579623636 -4.34353269278 11.4486671296
2.63893782902 -4.34353269734 11.46231274
2.64207942167 -4.34353269596 11.4759583504
2.64522101432 -4.34353269595 11.4896039608
2.64836260698 -4.34353269734 11.5032495712
2.65150419963 -4.34353269596 11.5168951816
2.65464579228 -4.34353269734 11.5305407921
2.65778738494 -4.34353269596 11.5441864025
2.66092897759 -4.34353269596 11.5578320129
2.66407057024 -4.34353269734 11.5714776233
2.6672121629 -4.34353269596 11.5851232337
2.67035375555 -4.34353269278 11.5987688441
2.67349534821 -4.34353269416 11.6124144545
2.67663694086 -4.34353269278 11.6260600649
2.67977853351 -4.34353269277 11.6397056753
2.68292012617 -4.34353269416 11.6533512857
2.68606171882 -4.34353269278 11.6669968961
2.68920331147 -4.34353269416 11.6806425065
2.69234490413 -4.34353269416 11.6942881169
2.69548649678 -4.34353269278 11.7079337273
2.69862808943 -4.34353269416 11.7215793377
2.70176968209 -4.34353269278 11.7352249481
2.70491127474 -4.34353269596 11.7488705585
2.70805286739 -4.34353269734 11.7625161689
2.71119446005 -4.34353269596 11.7761617793
2.7143360527 -4.34353269596 11.7898073897
2.71747764536 -4.34353269734 11.8034530001
2.72061923801 -4.34353269596 11.8170986106
2.72376083066 -4.34353269595 11.830744221
2.72690242332 -4.34353269734 11.8443898314
2.73004401597 -4.34353269596 11.8580354418
2.73318560862 -4.34353269734 11.8716810522
2.73632720128 -4.34353269416 11.8853266626
2.73946879393 -4.34353269278 11.898972273
2.74261038658 -4.34353269416 11.9126178834
2.74575197924 -4.34353269278 11.9262634938
2.74889357189 -4.34353269278 11.9399091042
2.75203516454 -4.34353269416 11.9535547146
2.7551767572 -4.34353269278 11.967200325
2.75831834985 -4.34353269278 11.9808459354
2.76145994251 -4.34353269416 11.9944915458
2.76460153516 -4.34353269278 12.0081371562
2.76774312781 -4.34353269277 12.0217827666
2.77088472047 -4.34353269734 12.035428377
2.77402631312 -4.34353269596 12.0490739874
2.77716790577 -4.34353269734 12.0627195978
2.78030949843 -4.34353269596 12.0763652082
2.78345109108 -4.34353269596 12.0900108186
2.78659268373 -4.34353269734 12.1036564291
2.78973427639 -4.34353269596 12.1173020395
2.79287586904 -4.34353269596 12.1309476499
2.7960174617 -4.34353269734 12.1445932603
2.79915905435 -4.34353269596 12.1582388707
2.802300647 -4.34353269277 12.1718844811
2.80544223966 -4.34353269416 12.1855300915
2.80858383231 -4.34353269278 12.1991757019
2.81172542496 -4.34353269416 12.2128213123
2.81486701762 -4.34353269416 12.2264669227
2.81800861027 -4.34353269278 12.2401125331
2.82115020292 -4.34353269416 12.2537581435
2.82429179558 -4.34353269278 12.2674037539
2.82743338823 -4.34353269278 12.2810493643
2.83057498088 -4.34353269416 12.2946949747
2.83371657354 -4.34353269278 12.3083405851
2.83685816619 -4.34353269596 12.3219861955
2.83999975885 -4.34353269734 12.3356318059
2.8431413515 -4.34353269596 12.3492774163
2.84628294415 -4.34353269595 12.3629230267
2.84942453681 -4.34353269734 12.3765686371
2.85256612946 -4.34353269596 12.3902142476
2.85570772211 -4.34353269734 12.403859858
2.85884931477 -4.34353269734 12.4175054684
2.86199090742 -4.34353269596 12.4311510788
2.86513250007 -4.34353269734 12.4447966892
2.86827409273 -4.34353269278 12.4584422996
2.87141568538 -4.34353269278 12.47208791
2.87455727803 -4.34353269416 12.4857335204
2.87769887069 -4.34353269278 12.4993791308
2.88084046334 -4.34353269278 12.5130247412
2.883982056 -4.34353269416 12.5266703516
2.88712364865 -4.34353269278 12.540315962
2.8902652413 -4.34353269277 12.5539615724
2.89340683396 -4.34353269416 12.5676071828
2.89654842661 -4.34353269278 12.5812527932
2.89969001926 -4.34353269416 12.5948984036
2.90283161192 -4.34353269596 12.608544014
2.90597320457 -4.34353269596 12.6221896244
2.90911479722 -4.34353269734 12.6358352348
2.91225638988 -4.34353269596 12.6494808452
2.91539798253 -4.34353269596 12.6631264556
2.91853957519 -4.34353269734 12.6767720661
2.92168116784 -4.34353269596 12.6904176765
2.92482276049 -4.34353269596 12.7040632869
2.92796435315 -4.34353269734 12.7177088973
2.9311059458 -4.34353269596 12.7313545077
2.93424753845 -4.34353269416 12.7450001181
2.93738913111 -4.34353269416 12.7586457285
2.94053072376 -4.34353269278 12.7722913389
2.94367231641 -4.34353269416 12.7859369493
2.94681390907 -4.34353269278 12.7995825597
2.94995550172 -4.34353269278 12.8132281701
2.95309709437 -4.34353269416 12.8268737805
2.95623868703 -4.34353269278 12.8405193909
2.95938027968 -4.34353269278 12.8541650013
2.96252187234 -4.34353269416 12.8678106117
2.96566346499 -4.34353269596 12.8814562221
2.96880505764 -4.34353269595 12.8951018325
2.9719466503 -4.34353269734 12.9087474429
2.97508824295 -4.34353269596 12.9223930533
2.9782298356 -4.34353269734 12.9360386637
2.98137142826 -4.34353269734 12.9496842742
2.98451302091 -4.34353269596 12.9633298846
2.98765461356 -4.34353269734 12.976975495
2.99079620622 -4.34353269596 12.9906211054
2.99393779887 -4.34353269596 13.0042667158
2.99707939152 -4.34353269416 13.0179123262
3.00022098418 -4.34353269278 13.0315579366
3.00336257683 -4.34353269278 13.045203547
3.00650416949 -4.34353269416 13.0588491574
3.00964576214 -4.34353269278 13.0724947678
3.01278735479 -4.34353269277 13.0861403782
3.01592894745 -4.34353269416 13.0997859886
3.0190705401 -4.34353269278 13.113431599
3.02221213275 -4.34353269416 13.1270772094
3.02535372541 -4.34353269278 13.1407228198
3.02849531806 -4.34353269278 13.1543684302
3.03163691071 -4.34353269734 13.1680140406
3.03477850337 -4.34353269596 13.181659651
3.03792009602 -4.34353269596 13.1953052614
3.04106168868 -4.34353269734 13.2089508718
3.04420328133 -4.34353269596 13.2225964822
3.04734487398 -4.34353269595 13.2362420927
3.05048646664 -4.34353269734 13.2498877031
3.05362805929 -4.34353269596 13.2635333135
3.05676965194 -4.34353269734 13.2771789239
3.0599112446 -4.34353269734 13.2908245343
3.06305283725 -4.34353269278 13.3044701447
3.0661944299 -4.34353269416 13.3181157551
3.06933602256 -4.34353269278 13.3317613655
3.07247761521 -4.34353269278 13.3454069759
3.07561920786 -4.34353269416 13.3590525863
3.07876080052 -4.34353269278 13.3726981967
3.08190239317 -4.34353269278 13.3863438071
3.08504398583 -4.34353269416 13.3999894175
3.08818557848 -4.34353269278 13.4136350279
3.09132717113 -4.34353269277 13.4272806383
3.09446876379 -4.34353269416 13.4409262487
3.09761035644 -4.34353269596 13.4545718591
3.10075194909 -4.34353269734 13.4682174695
3.10389354175 -4.34353269734 13.4818630799
3.1070351344 -4.34353269596 13.4955086903
3.11017672705 -4.34353269734 13.5091543007
3.11331831971 -4.34353269596 13.5227999112
3.11645991236 -4.34353269596 13.5364455216
3.11960150501 -4.34353269734 13.550091132
3.12274309767 -4.34353269596 13.5637367424
3.12588469032 -4.34353269596 13.5773823528
3.12902628298 -3.36452116062 13.5910279632
3.13216787563 -3.25574210088 13.6046735736
3.13530946828 -3.11976827619 13.618319184
3.13845106094 -2.9449447893 13.6319647944
3.14159265359 -2.71184680447 13.6456104048
